0.506652
0.506089
0.505425
0.503841
0.503854
0.504951
0.506268
0.502635
0.503518
0.503497
0.929124
0.935229
0.933788
0.923107
0.943274
0.950661
0.952650
0.939103
0.939270
0.934121
1.021808
1.031848
1.024794
1.018425
1.018260
1.017880
1.019463
1.018443
1.018427
1.023390
1.211830
1.213419
1.213219
1.216814
1.219923
1.210115
1.209339
1.212857
1.214856
1.215863
1.211497
1.211936
1.220597
1.220254
1.211148
1.212284
1.227163
1.210462
1.212387
1.209922
1.241968
1.248319
1.247660
1.246426
1.246708
1.248924
1.254129
1.248266
1.248759
1.256787
0.920546
0.922025
0.917149
0.924844
0.920855
0.932657
0.923106
0.936850
0.921959
0.916202
1.222571
1.217302
1.216218
1.223894
1.209615
1.207443
1.205142
1.200429
1.206237
1.205387
0.947599
0.950134
0.951841
0.963120
0.958565
0.952445
0.950650
0.951467
0.950839
0.952540
1.253529
1.259139
1.259337
1.263521
1.266272
1.264341
1.247546
1.240428
1.236667
1.246305
0.896893
0.898030
0.896328
0.898496
0.900838
0.899980
0.899238
0.899244
0.903438
0.899742
1.225183
1.238591
1.242128
1.234590
1.238913
1.231910
1.231960
1.233484
1.235442
1.238455
1.160382
1.163661
1.160444
1.158348
1.163018
1.162749
1.156983
1.190779
1.194339
1.193027
1.542267
1.565956
1.527026
1.524998
1.526517
1.558586
1.525064
1.525061
1.532774
1.570491
1.244984
1.217075
1.206327
1.224006
1.233276
1.211960
1.211050
1.209206
1.208279
1.206620
1.528180
1.554691
1.530037
1.552304
1.568078
1.573990
1.572018
1.538905
1.530417
1.531988
0.929908
0.933878
0.933076
0.934049
0.935541
0.940470
0.950928
0.951438
0.941483
0.934481
1.203943
1.227245
1.230585
1.212587
1.210184
1.210470
1.211068
1.211285
1.210641
1.215331
0.953781
0.951585
0.928795
0.937776
0.933852
0.925911
0.927819
0.929955
0.930979
0.930532
1.231361
1.227603
1.228538
1.225457
1.226817
1.233819
1.228823
1.223276
1.224225
1.228072
