0.503945
0.504883
0.505018
0.500483
0.500042
0.499981
0.500220
0.500348
0.497768
0.499474
0.938753
0.935979
0.936210
0.936815
0.936340
0.935641
0.949867
0.946365
0.957103
0.940392
0.999732
1.000245
1.005902
0.996781
1.000126
1.001317
1.000992
1.001126
1.002852
0.996777
1.249086
1.235687
1.237262
1.240679
1.234034
1.232053
1.234762
1.233651
1.233779
1.235145
1.236862
1.233388
1.226691
1.231787
1.229216
1.227088
1.234046
1.235329
1.242449
1.233151
1.248929
1.257273
1.255303
1.256562
1.249992
1.259623
1.265285
1.255136
1.255616
1.270197
0.919759
0.920514
0.915477
0.929247
0.920520
0.917362
0.924832
0.919200
0.920323
0.917925
1.236174
1.235899
1.237056
1.228337
1.232270
1.233369
1.235509
1.255703
1.235418
1.241910
0.923727
0.926701
0.931122
0.925602
0.924831
0.919573
0.924863
0.920605
0.924248
0.922591
1.251537
1.253642
1.252429
1.253660
1.250088
1.248302
1.252342
1.246813
1.250986
1.264167
0.905135
0.907921
0.909436
0.917533
0.911355
0.910871
0.914000
0.910939
0.917956
0.909535
1.245263
1.242764
1.244568
1.245070
1.245381
1.245880
1.261234
1.257846
1.245271
1.243400
1.242522
1.233629
1.235868
1.249525
1.270021
1.236845
1.231421
1.243271
1.266313
1.264652
1.552752
1.555165
1.582542
1.601191
1.601189
1.533092
1.593364
1.596829
1.556483
1.550584
1.236229
1.240547
1.237178
1.213238
1.227270
1.229133
1.205885
1.218371
1.201045
1.209591
1.568330
1.580763
1.583415
1.580255
1.575879
1.577210
1.574107
1.578214
1.579122
1.575600
0.957370
0.957725
0.959245
0.958539
0.866518
0.942518
0.944100
0.945628
0.938533
0.941395
1.228605
1.230199
1.227070
1.233046
1.234358
1.234655
1.233969
1.249470
1.236413
1.235417
0.903486
0.910596
0.934621
0.937033
0.911693
0.922963
0.934607
0.930914
0.915447
0.920477
1.233440
1.239143
1.264172
1.269708
1.233755
1.237973
1.242977
1.255473
1.234873
1.236069
