0.331266
0.332266
0.335465
0.332171
0.332300
0.334285
0.332798
0.331849
0.332243
0.332808
0.841391
0.835463
0.830884
0.831765
0.830020
0.831261
0.833109
0.835865
0.830790
0.830897
0.958294
0.957388
0.957822
0.956991
0.957984
0.957870
0.962174
0.955455
0.966024
0.961322
0.935953
0.937679
0.938027
0.936770
0.940613
0.936792
0.936756
0.938474
0.935699
0.936265
1.253737
1.272457
1.257562
1.255462
1.258459
1.268813
1.254099
1.256661
1.268365
1.279030
1.314946
1.310142
1.310406
1.309642
1.328057
1.311162
1.310579
1.306409
1.326177
1.316438
0.942925
0.945247
0.938268
0.950129
0.944540
0.942411
0.941884
0.944315
0.944010
0.954493
1.243778
1.241475
1.241355
1.240680
1.241535
1.240627
1.243013
1.245096
1.245624
1.242244
1.471195
1.475120
1.473758
1.475606
1.469394
1.470664
1.464704
1.475403
1.502106
1.494877
1.308054
1.302040
1.310782
1.311267
1.317378
1.317447
1.310540
1.309135
1.315912
1.335341
0.956853
0.962441
0.952517
0.953039
0.951352
0.948791
0.957250
0.947456
0.957044
0.957959
1.309689
1.327222
1.309188
1.307458
1.322580
1.350827
1.321185
1.309447
1.315979
1.346491
1.699783
1.684278
1.680225
1.676940
1.681553
1.683249
1.673190
1.681979
1.681340
1.683660
1.627338
1.626546
1.641257
1.622876
1.619361
1.618859
1.615083
1.615741
1.616624
1.616106
1.736955
1.751568
1.732537
1.731454
1.736283
1.732825
1.726005
1.736309
1.693226
1.729353
1.650195
1.623747
1.637877
1.647277
1.653309
1.657090
1.691502
1.690673
1.680340
1.652946
0.882775
0.883242
0.894893
0.885912
0.898755
0.896321
0.882903
0.882244
0.883352
0.882588
1.241173
1.250400
1.252578
1.267715
1.251616
1.252306
1.258785
1.272893
1.273609
1.254781
0.940770
0.964889
0.963014
0.975165
0.974277
0.971927
0.957874
0.971053
0.975526
0.975645
1.301006
1.338069
1.339864
1.343834
1.334145
1.345157
1.334192
1.298395
1.318267
1.296777
