0.494032
0.491174
0.486891
0.491388
0.486936
0.486083
0.488744
0.486998
0.485688
0.484525
0.487679
0.493860
0.485751
0.490123
0.487927
0.486634
0.485547
0.487168
0.488005
0.487547
0.486540
0.486835
0.484320
0.486229
0.489966
0.483890
0.491920
0.490564
0.484124
0.486125
0.892270
0.892961
0.893605
0.893285
0.878658
0.884976
0.880209
0.880180
0.880309
0.888038
0.889743
0.880076
0.884376
0.878864
0.878879
0.880550
0.884058
0.880452
0.878566
0.880738
0.888613
0.894828
0.889565
0.896659
0.894302
0.893293
0.881443
0.887223
0.894053
0.886054
0.931048
0.936883
0.940318
0.939440
0.938470
0.941766
0.941665
0.947216
0.938104
0.951731
0.952584
0.946289
0.933747
0.935073
0.936986
0.940823
0.938454
0.934217
0.938548
0.938736
0.941630
0.940981
0.952354
0.948660
0.953741
0.944766
0.940122
0.932990
0.946167
0.938104
1.141915
1.139371
1.145395
1.142341
1.140019
1.149492
1.144639
1.139900
1.141472
1.147496
1.147056
1.147379
1.144612
1.140502
1.143593
1.149670
1.158561
1.148318
1.145573
1.159603
1.158536
1.144822
1.152076
1.153397
1.128789
1.160718
1.150405
1.142079
1.146417
1.145955
1.152421
1.150594
1.149533
1.146408
1.146504
1.143498
1.148858
1.145763
1.153395
1.156816
1.163822
1.156536
1.156942
1.149616
1.143713
1.140825
1.140385
1.148119
1.151510
1.148648
1.147301
1.161169
1.162206
1.147895
1.156698
1.167434
1.157481
1.143405
1.144964
1.146317
1.177607
1.180511
1.174020
1.178579
1.185578
1.174778
1.192648
1.175243
1.175051
1.182245
1.183628
1.183691
1.186249
1.179236
1.197841
1.182549
1.175683
1.177766
1.183389
1.180831
1.183232
1.168726
1.182002
1.183221
1.185250
1.184830
1.183037
1.182855
1.182960
1.182605
0.866696
0.878075
0.888699
0.884834
0.888214
0.877362
0.870436
0.885678
0.876897
0.874114
0.872362
0.875677
0.872558
0.880170
0.868089
0.876987
0.875641
0.882858
0.867093
0.862030
0.870058
0.871220
0.879235
0.790902
0.874633
0.880179
0.871687
0.884330
0.878134
0.879737
1.141471
1.125770
1.119148
1.120156
1.124870
1.124739
1.133731
1.127559
1.119435
1.125087
1.124846
1.123249
1.132395
1.132100
1.121071
1.118696
1.125181
1.138128
1.144130
1.125528
1.124121
1.123825
1.121883
1.130120
1.129038
1.122896
1.124199
1.130726
1.124078
1.122438
0.878957
0.880485
0.881417
0.877498
0.875728
0.876953
0.870433
0.874587
0.874265
0.884418
0.878980
0.876243
0.877995
0.883791
0.874686
0.879085
0.876877
0.886557
0.883860
0.888713
0.875559
0.883395
0.880486
0.880943
0.876869
0.880264
0.884238
0.874741
0.878075
0.886490
1.168501
1.179119
1.178059
1.178049
1.175861
1.179386
1.183921
1.179255
1.172768
1.174863
1.179416
1.190649
1.191213
1.175615
1.174029
1.182124
1.186072
1.179840
1.180540
1.175789
1.175641
1.171743
1.191693
1.191488
1.176134
1.172746
1.179461
1.181413
1.179818
1.182317
0.874288
0.876510
0.875152
0.871953
0.876143
0.875480
0.875786
0.873621
0.877074
0.882886
0.888010
0.884063
0.879938
0.876888
0.880776
0.874267
0.881167
0.874831
0.879957
0.893940
0.891791
0.890644
0.877070
0.877118
0.876543
0.874800
0.873594
0.892890
0.890493
0.876146
1.189332
1.196449
1.210860
1.222627
1.197451
1.197923
1.196723
1.196843
1.214130
1.211096
1.202253
1.199486
1.196722
1.194819
1.222345
1.225737
1.195526
1.195490
1.194996
1.194181
1.194696
1.194207
1.195607
1.195460
1.214340
1.195651
1.193367
1.203066
1.191819
1.191218
0.901261
0.903995
0.905382
0.904935
0.905858
0.905101
0.907190
0.909672
0.906483
0.905902
0.907166
0.905351
0.905363
0.903352
0.907066
0.905787
0.904518
0.906585
0.904448
0.904942
0.904545
0.903684
0.900381
0.903924
0.905303
0.907933
0.920004
0.904492
0.914941
0.908314
1.233778
1.207500
1.210904
1.205584
1.231417
1.209009
1.206320
1.207871
1.206117
1.220966
1.205302
1.207069
1.206203
1.229141
1.201024
1.202294
1.203186
1.202629
1.204425
1.202957
1.202708
1.204342
1.203248
1.202849
1.213369
1.200404
1.204428
1.201650
1.200799
1.201459
0.888630
0.891104
0.894917
0.892138
0.892905
0.888067
0.891623
0.889634
0.890296
0.890764
0.894107
0.891370
0.891157
0.889927
0.891262
0.890523
0.899360
0.892385
0.892500
0.888036
0.894564
0.889089
0.901622
0.901164
0.894706
0.893124
0.895681
0.894123
0.897624
0.892416
1.213245
1.209046
1.200135
1.204449
1.209167
1.216268
1.206707
1.216474
1.206458
1.209195
1.208799
1.207884
1.210824
1.212866
1.210131
1.211884
1.209649
1.213840
1.228921
1.211087
1.208535
1.212610
1.230612
1.233810
1.205069
1.223556
1.209424
1.208691
1.206933
1.219327
0.868444
0.870382
0.862976
0.868495
0.868785
0.868771
0.868721
0.867619
0.869735
0.870144
0.873348
0.873576
0.868806
0.868768
0.871050
0.866549
0.869321
0.867378
0.870801
0.870750
0.871312
0.870562
0.870144
0.871631
0.883721
0.869361
0.878577
0.870100
0.870556
0.878680
1.158092
1.164111
1.164675
1.167106
1.150563
1.148216
1.151045
1.151138
1.158158
1.164251
1.162249
1.163341
1.151582
1.145618
1.148059
1.145456
1.142595
1.150224
1.148130
1.141179
1.144373
1.136823
1.136137
1.142923
1.140237
1.151532
1.147323
1.150935
1.144387
1.146463
0.869321
0.870201
0.878539
0.869462
0.868482
0.868207
0.872784
0.869184
0.869787
0.871230
0.869673
0.868601
0.869870
0.869947
0.869846
0.869149
0.871705
0.866645
0.869847
0.878698
0.868297
0.867021
0.869333
0.870583
0.871074
0.872579
0.888200
0.887318
0.884716
0.886660
1.205294
1.193259
1.188811
1.187476
1.189385
1.202914
1.195483
1.215576
1.176177
1.206618
1.214138
1.203172
1.218651
1.223822
1.210379
1.196356
1.194947
1.192466
1.197956
1.203197
1.207477
1.209771
1.216683
1.205267
1.191831
1.194625
1.205459
1.201184
1.200418
1.204985
1.196310
1.213571
1.210796
1.208246
1.199981
1.198761
1.202054
1.207266
1.203786
1.213385
1.195769
1.223120
1.193637
1.202319
1.206914
1.198714
1.216194
1.198854
1.199771
1.207780
1.203360
1.200599
1.200919
1.203929
1.225294
1.198619
1.198604
1.223056
1.210088
1.205464
1.170220
1.169077
1.177494
1.176838
1.176881
1.175408
1.172056
1.192821
1.215802
1.191874
1.186526
1.215643
1.208508
1.174441
1.192161
1.173421
1.187534
1.187823
1.197478
1.209433
1.177771
1.176353
1.188210
1.180517
1.178384
1.183137
1.184729
1.174051
1.180085
1.184390
1.173764
1.183718
1.201822
1.183115
1.183794
1.186693
1.185261
1.184358
1.185702
1.187813
1.205795
1.185264
1.184390
1.179107
1.193971
1.182054
1.187579
1.179842
1.198606
1.179480
1.201122
1.188278
1.186872
1.184642
1.189442
1.188708
1.188451
1.190537
1.188571
1.189115
