0.506697
0.503548
0.504311
0.505388
0.511139
0.504402
0.505440
0.504592
0.505744
0.511912
0.505143
0.504043
0.507192
0.504944
0.509996
0.503185
0.509527
0.508703
0.511726
0.504251
0.503649
0.505146
0.514141
0.512840
0.507339
0.509884
0.502111
0.505207
0.511133
0.503393
0.941616
0.930834
0.926180
0.931231
0.936084
0.934039
0.937981
0.929074
0.927980
0.933826
0.936431
0.931601
0.920544
0.926910
0.922040
0.934801
0.926946
0.923685
0.925166
0.914677
0.930778
0.927693
0.929220
0.928998
0.937440
0.928720
0.925992
0.924556
0.924518
0.923478
1.008238
1.018856
1.018105
1.018530
1.017758
1.016092
1.017287
1.018119
1.031516
1.022667
1.017471
1.031315
1.031762
1.029931
1.029237
1.029187
1.020158
1.015913
1.011182
1.011498
1.016479
1.017887
1.022000
1.021935
1.023048
1.028674
1.025638
1.024300
1.017116
1.024366
1.214593
1.216012
1.206874
1.191645
1.225853
1.213703
1.204695
1.203829
1.206115
1.204949
1.206507
1.212370
1.207777
1.206487
1.207565
1.210206
1.205078
1.200781
1.201409
1.206211
1.202912
1.202600
1.206476
1.203531
1.219831
1.204590
1.218631
1.224296
1.220228
1.218947
1.213026
1.220540
1.211040
1.209037
1.223416
1.211309
1.213987
1.206894
1.206793
1.208609
1.205068
1.209464
1.208821
1.224326
1.223780
1.221191
1.225049
1.222524
1.211602
1.209768
1.212077
1.214180
1.208445
1.204928
1.204422
1.202446
1.209444
1.215521
1.217854
1.206626
1.250501
1.250443
1.244656
1.235106
1.226383
1.264475
1.244325
1.242758
1.245578
1.248802
1.247295
1.243504
1.243904
1.239990
1.242194
1.240334
1.239305
1.240894
1.241534
1.245006
1.259150
1.241521
1.243147
1.240987
1.241845
1.245523
1.240333
1.240866
1.242636
1.247427
0.893705
0.884522
0.889971
0.880333
0.893971
0.881840
0.885049
0.886559
0.885433
0.881318
0.885088
0.884906
0.884533
0.886293
0.886027
0.885394
0.895698
0.890282
0.888341
0.889014
0.884681
0.886929
0.894965
0.901916
0.900740
0.883951
0.884361
0.885357
0.884743
0.877331
1.213401
1.201356
1.206532
1.211840
1.209331
1.207391
1.218187
1.206188
1.196178
1.211096
1.189251
1.205375
1.211807
1.209899
1.205373
1.221248
1.214590
1.201539
1.208444
1.206235
1.212356
1.219608
1.207934
1.199158
1.194705
1.213318
1.212682
1.210032
1.213225
1.208671
0.967005
0.970182
0.966962
0.962675
0.957044
0.949261
0.949302
0.950217
0.950448
0.952747
0.950211
0.946182
0.951023
0.948290
0.949492
0.953768
0.948971
0.957459
0.957255
0.948366
0.948162
0.953683
0.951890
0.950242
0.948704
0.945940
0.946572
0.949828
0.952968
0.949943
1.246641
1.240313
1.245732
1.256424
1.247627
1.245149
1.239478
1.244129
1.247062
1.246955
1.249935
1.265509
1.247331
1.252643
1.248214
1.247302
1.240624
1.245744
1.251220
1.252729
1.249144
1.235653
1.257329
1.241584
1.237646
1.243844
1.242620
1.254199
1.248339
1.249461
0.948198
0.948879
0.948652
0.951521
0.950062
0.952239
0.951473
0.960112
0.960095
0.958050
0.945050
0.946624
0.954663
0.954882
0.948731
0.937728
0.941687
0.946176
0.937971
0.937135
0.957071
0.956701
0.953004
0.945233
0.949283
0.939022
0.941798
0.949535
0.952557
0.949334
1.229752
1.247791
1.245804
1.241785
1.240478
1.241485
1.242718
1.240389
1.239872
1.239986
1.241277
1.268480
1.267599
1.257627
1.265954
1.273540
1.272956
1.266943
1.254386
1.241122
1.240282
1.249561
1.246125
1.240677
1.249939
1.241358
1.241352
1.243912
1.260543
1.244191
1.195125
1.209599
1.208181
1.227275
1.228786
1.208131
1.200791
1.207179
1.206777
1.208944
1.205977
1.210370
1.212041
1.230217
1.225136
1.225792
1.213004
1.212882
1.217392
1.215201
1.214013
1.212458
1.211181
1.210765
1.218359
1.210116
1.208721
1.212416
1.212961
1.223356
1.553013
1.535106
1.532023
1.522942
1.530772
1.555379
1.561712
1.536151
1.537549
1.531906
1.539163
1.532489
1.546785
1.512958
1.529568
1.526463
1.536996
1.496212
1.549127
1.525833
1.520222
1.524588
1.526944
1.520632
1.562629
1.562472
1.558414
1.523236
1.518521
1.524704
1.236965
1.232727
1.216555
1.217632
1.221372
1.217505
1.221791
1.220484
1.214550
1.218448
1.226852
1.227769
1.215456
1.214792
1.222067
1.119668
1.219403
1.219368
1.213842
1.219975
1.219160
1.218430
1.222431
1.225951
1.215435
1.205025
1.215021
1.224674
1.246169
1.200315
1.534629
1.542217
1.528435
1.525589
1.533876
1.533406
1.533152
1.534171
1.535824
1.528278
1.544066
1.537532
1.528082
1.524741
1.548616
1.528157
1.530359
1.531494
1.530967
1.531953
1.521081
1.517650
1.524361
1.543084
1.526519
1.529445
1.529642
1.528108
1.519122
1.521383
0.936100
0.936050
0.924610
0.920515
0.920565
0.926206
0.927842
0.937454
0.921405
0.923047
0.928259
0.934013
0.923529
0.923914
0.924132
0.938396
0.936271
0.925963
0.924780
0.926492
0.925286
0.921948
0.924719
0.923976
0.929760
0.928514
0.928198
0.925638
0.925840
0.925873
1.194394
1.204724
1.213445
1.212748
1.205480
1.202170
1.203055
1.220368
1.220866
1.215268
1.206198
1.202563
1.202191
1.203226
1.203356
1.201896
1.211988
1.217122
1.221299
1.217919
1.204878
1.198089
1.198571
1.206587
1.205044
1.204455
1.205332
1.207577
1.209096
1.220217
0.949088
0.961295
0.954854
0.944072
0.942811
0.946351
0.945060
0.942762
0.958979
0.957331
0.960265
0.963256
0.953265
0.952063
0.948163
0.945184
0.946833
0.944270
0.945126
0.945452
0.946226
0.951788
0.959453
0.957850
0.941699
0.948064
0.947692
0.945888
0.962988
0.949629
1.247170
1.247157
1.247358
1.251983
1.272592
1.273999
1.260576
1.246344
1.237358
1.245606
1.252262
1.241773
1.263524
1.263914
1.243946
1.246183
1.244697
1.260619
1.244142
1.236980
1.244917
1.235791
1.241940
1.243231
1.244375
1.244825
1.254837
1.264198
1.261013
1.261251
