0.500583
0.490470
0.498902
0.503486
0.497613
0.496778
0.502958
0.500147
0.497777
0.499537
0.499409
0.500509
0.501077
0.492058
0.501638
0.497995
0.500985
0.498330
0.505453
0.499917
0.502948
0.504261
0.501723
0.500436
0.499829
0.502265
0.500014
0.498835
0.498992
0.507192
0.941885
0.942594
0.939616
0.938049
0.940920
0.939274
0.948483
0.950859
0.939187
0.945830
0.938551
0.935341
0.938367
0.936180
0.940174
0.936797
0.950233
0.884555
0.853168
0.944337
0.935916
0.938576
0.946281
0.933820
0.937147
0.936726
0.940515
0.948748
0.944358
0.934745
0.994538
1.000702
0.997649
1.001069
1.004530
0.994127
0.997053
1.005790
1.012586
1.005166
1.003521
1.009190
0.997426
0.995794
1.003538
0.999707
1.003118
1.010241
1.003631
0.999396
0.998153
0.998453
1.003488
1.003410
0.994733
0.996272
0.996258
0.999181
1.001851
0.998366
1.231524
1.230552
1.227458
1.225555
1.217982
1.225497
1.223406
1.224010
1.223705
1.223246
1.224823
1.224651
1.223718
1.222697
1.225294
1.221360
1.227165
1.223835
1.226540
1.233724
1.236323
1.227136
1.225762
1.228270
1.237507
1.226334
1.229807
1.226695
1.226865
1.227125
1.225174
1.238572
1.234872
1.235390
1.234134
1.236472
1.234123
1.233301
1.234384
1.234251
1.233345
1.245961
1.235058
1.233499
1.238797
1.233981
1.236935
1.234635
1.234084
1.234510
1.233295
1.232035
1.234230
1.237218
1.234860
1.233966
1.233081
1.232570
1.234760
1.231478
1.273723
1.269920
1.249593
1.252563
1.266447
1.254867
1.253332
1.256940
1.256091
1.256759
1.262114
1.256422
1.264233
1.267761
1.254942
1.262334
1.256654
1.253629
1.259066
1.256982
1.256676
1.262589
1.275484
1.263282
1.255812
1.255493
1.263251
1.275686
1.260345
1.247610
0.928616
0.942743
0.945931
0.947390
0.943253
0.935060
0.934243
0.933908
0.931624
0.931459
0.935984
0.938557
0.931531
0.932602
0.933328
0.933836
0.936297
0.940179
0.934012
0.933178
0.944701
0.942019
0.934166
0.933950
0.933571
0.940052
0.932934
0.930830
0.935914
0.933092
1.231663
1.226160
1.232447
1.232905
1.253395
1.236415
1.230393
1.239213
1.232097
1.233088
1.245644
1.236814
1.237264
1.254920
1.245673
1.243376
1.235401
1.235587
1.235117
1.253274
1.239659
1.254015
1.253331
1.254149
1.252532
1.233244
1.242528
1.226156
1.234320
1.233494
0.945198
0.934711
0.934439
0.941527
0.936295
0.914518
0.930284
0.933381
0.932984
0.935570
0.949907
0.934912
0.946530
0.954479
0.945186
0.951803
0.944340
0.932847
0.933749
0.950674
0.931945
0.938902
0.952569
0.935439
0.937314
0.936170
0.935044
0.942017
0.935203
0.935224
1.244313
1.254765
1.258754
1.260720
1.253403
1.254238
1.253345
1.252962
1.254336
1.255845
1.258296
1.258647
1.255247
1.255838
1.259297
1.251117
1.251739
1.251598
1.253111
1.253559
1.272333
1.266750
1.262521
1.255673
1.274152
1.249606
1.254949
1.250524
1.254013
1.254808
0.918727
0.923935
0.924943
0.924635
0.918757
0.921045
0.919093
0.927613
0.924460
0.919014
0.932402
0.932490
0.923555
0.924041
0.921662
0.922925
0.923982
0.922172
0.921957
0.921701
0.917553
0.923301
0.920983
0.921596
0.924893
0.921067
0.922877
0.923165
0.922032
0.922987
1.261138
1.246178
1.239898
1.269608
1.243458
1.240182
1.238623
1.238126
1.237441
1.243464
1.276604
1.272769
1.262752
1.245541
1.240626
1.242117
1.244126
1.246252
1.276156
1.278512
1.274064
1.273599
1.275036
1.269957
1.272177
1.242902
1.243548
1.245909
1.249141
1.250607
1.231729
1.241121
1.241623
1.243785
1.253584
1.266583
1.259038
1.241393
1.241622
1.241917
1.238427
1.238883
1.207937
1.261348
1.258614
1.262400
1.262982
1.258704
1.234481
1.236641
1.238279
1.238346
1.239762
1.236342
1.242478
1.188332
1.238209
1.244396
1.238712
1.241039
1.559227
1.566686
1.563544
1.585935
1.565961
1.564956
1.572497
1.570653
1.563170
1.594490
1.567579
1.590792
1.579274
1.574597
1.591984
1.564733
1.555541
1.558509
1.560106
1.570023
1.591040
1.565440
1.567907
1.565067
1.566332
1.566836
1.564863
1.552971
1.606599
1.595838
1.234226
1.227163
1.229520
1.242411
1.246774
1.249238
1.245481
1.229910
1.242965
1.242149
1.228722
1.225294
1.216574
1.236394
1.241336
1.227430
1.231144
1.230771
1.230626
1.233660
1.223251
1.222685
1.220398
1.224434
1.222714
1.232308
1.246665
1.228982
1.223336
1.221750
1.572087
1.586850
1.580813
1.582860
1.581011
1.589788
1.581244
1.580895
1.582023
1.603590
1.579121
1.583096
1.598797
1.582060
1.570478
1.579143
1.583708
1.585999
1.603226
1.590525
1.590504
1.584689
1.588472
1.590506
1.589833
1.587136
1.585206
1.581969
1.581112
1.597068
0.932094
0.935718
0.935825
0.934769
0.935819
0.933570
0.938405
0.936174
0.934557
0.932867
0.935627
0.935951
0.934428
0.933763
0.933772
0.938197
0.934716
0.935331
0.934251
0.935535
0.931510
0.934661
0.935735
0.846298
0.935267
0.936802
0.936361
0.937934
0.936575
0.936235
1.241848
1.232704
1.233811
1.232731
1.231817
1.230332
1.233024
1.232897
1.236267
1.224525
1.228461
1.234947
1.235315
1.235998
1.232363
1.232883
1.232218
1.233126
1.229603
1.231017
1.236647
1.232884
1.232564
1.232745
1.232602
1.230493
1.230152
1.237466
1.233120
1.231685
0.922743
0.929580
0.927285
0.928523
0.927300
0.926572
0.927493
0.926917
0.927270
0.929306
0.923550
0.929005
0.927897
0.933091
0.940718
0.926097
0.926004
0.934076
0.924917
0.935887
0.930244
0.928036
0.931295
0.940538
0.923500
0.922693
0.924021
0.926496
0.925724
0.927716
1.256628
1.280624
1.239324
1.270053
1.277621
1.249373
1.247425
1.250399
1.243804
1.240805
1.246588
1.261819
1.261673
1.238139
1.241887
1.249042
1.245161
1.245247
1.240467
1.240280
1.244699
1.243806
1.274353
1.248136
1.255129
1.248729
1.249909
1.248566
1.248280
1.246991
1.558434
1.567298
1.557330
1.567437
1.558997
1.560351
1.564564
1.563442
1.562055
1.562585
1.557028
1.557405
1.558317
1.562174
1.559212
1.566829
1.563498
1.561658
1.561867
1.571784
1.561776
1.561226
1.562890
1.574902
1.568830
1.553847
1.589032
1.560634
1.559201
1.568516
1.575428
1.574218
1.581669
1.582041
1.600799
1.585153
1.588080
1.585568
1.579115
1.583054
1.593298
1.613583
1.586998
1.584155
1.586125
1.611326
1.611638
1.582671
1.579492
1.576040
1.580716
1.587210
1.583290
1.585489
1.600079
1.608941
1.614482
1.617464
1.618386
1.618448
1.607894
1.612448
1.611074
1.610749
1.610917
1.604080
1.611223
1.610830
1.610108
1.596543
1.610080
1.610225
1.612947
1.612145
1.614245
1.613666
1.609437
1.585622
1.599656
1.605799
1.610134
1.588966
1.573882
1.572122
1.576529
1.577939
1.579305
1.577992
1.582023
1.576817
